Lider.Native/Components/RS29/GIS/Samples/VCL/Delphi/PixelEdit/test.grd
NCOLS        360
NROWS        180
XLLCORNER    -180
YLLCORNER    -90
CELLSIZE     1
NODATA_VALUE -9999
[rows 74 to 110 of 180, columns 166 to 248 of 360]
51 65 70 33 6 84 85 84 45 13 25 96 81 99 95 76 69 89 50 17 10 36 70 42 58 32 28 81 91 75 27 79 74 69 29 36 96 53 61 72 96 62 2 36 62 17 49 33 17 52 71 90 85 62 36 49 38 99 26 -9999 -9999 -9999 -9999 -9999 -9999 -9999 -9999 -9999 -9999 -9999 -9999 -9999 -9999 -9999 -9999 -9999 -9999 -9999 -9999 -9999 -9999 -9999 -9999
30 57 48 28 55 77 16 53 5 99 9 81 31 64 76 60 98 89 33 50 60 95 60 45 47 87 20 56 49 82 74 48 17 7 4 37 63 44 44 38 69 34 18 71 1 35 79 28 30 40 65 90 59 52 44 0 59 8 87 -9999 -9999 -9999 -9999 -9999 -9999 -9999 -9999 -9999 -9999 -9999 -9999 -9999 -9999 -9999 -9999 -9999 -9999 -9999 -9999 -9999 -9999 -9999 -9999
17 38 87 89 96 36 15 40 35 60 78 11 57 3 97 29 8 63 66 72 40 60 78 0 29 24 82 63 26 75 76 93 30 77 21 72 5 75 96 89 21 12 80 72 22 32 66 5 38 61 6 21 16 64 86 86 88 97 36 -9999 -9999 -9999 -9999 -9999 -9999 -9999 -9999 -9999 -9999 -9999 -9999 -9999 -9999 -9999 -9999 -9999 -9999 -9999 -9999 -9999 -9999 -9999 -9999
10 63 42 70 70 62 94 18 13 4 84 75 89 45 66 54 37 7 37 68 13 41 71 64 74 94 12 73 22 85 10 60 99 80 27 84 43 86 94 61 95 39 21 35 68 2 69 59 67 74 73 71 70 99 28 90 61 86 22 -9999 -9999 -9999 -9999 -9999 -9999 -9999 -9999 -9999 -9999 -9999 -9999 -9999 -9999 -9999 -9999 -9999 -9999 -9999 -9999 -9999 -9999 -9999 -9999
5 74 28 8 81 75 83 48 33 35 93 40 65 6 52 85 32 32 89 25 79 56 27 42 72 58 25 86 97 28 0 38 53 64 27 0 18 5 28 19 99 99 32 44 65 93 24 6 54 62 77 40 73 65 52 31 69 36 99 -9999 -9999 -9999 -9999 -9999 -9999 -9999 -9999 -9999 -9999 -9999 -9999 -9999 -9999 -9999 -9999 -9999 -9999 -9999 -9999 -9999 -9999 -9999 -9999
20 37 21 73 13 1 48 15 34 76 13 79 82 3 48 10 35 59 95 44 65 98 1 94 63 46 24 0 67 50 37 34 3 87 42 58 25 23 96 41 63 38 35 29 82 95 6 79 39 78 10 39 54 78 46 92 83 33 61 -9999 -9999 -9999 -9999 -9999 -9999 -9999 -9999 -9999 -9999 -9999 -9999 -9999 -9999 -9999 -9999 -9999 -9999 -9999 -9999 -9999 -9999 -9999 -9999
4 55 37 37 21 2 11 53 6 27 49 99 42 14 47 26 50 49 5 30 85 6 13 9 49 21 54 4 48 46 52 13 71 82 45 96 4 91 84 50 80 0 75 74 48 73 44 16 85 72 33 92 36 98 32 95 79 11 39 -9999 -9999 -9999 -9999 -9999 -9999 -9999 -9999 -9999 -9999 -9999 -9999 -9999 -9999 -9999 -9999 -9999 -9999 -9999 -9999 -9999 -9999 -9999 -9999
93 78 47 92 31 37 17 69 61 28 92 78 0 23 20 53 53 26 66 94 59 20 5 50 86 32 81 4 94 89 13 64 44 97 63 67 71 14 59 78 6 32 72 6 59 71 51 21 58 72 17 76 42 0 7 40 13 52 80 -9999 -9999 -9999 -9999 -9999 -9999 -9999 -9999 -9999 -9999 -9999 -9999 -9999 -9999 -9999 -9999 -9999 -9999 -9999 -9999 -9999 -9999 -9999 -9999
82 26 28 34 50 40 43 27 58 6 23 40 40 30 85 84 73 28 28 65 1 73 20 83 40 1 69 63 55 24 71 22 34 86 42 60 27 56 31 90 81 35 11 96 44 12 55 19 57 38 94 77 27 42 52 19 78 66 64 -9999 -9999 -9999 -9999 -9999 -9999 -9999 -9999 -9999 -9999 -9999 -9999 -9999 -9999 -9999 -9999 -9999 -9999 -9999 -9999 -9999 -9999 -9999 -9999
54 72 78 51 75 93 69 1 57 54 47 51 94 6 59 87 36 98 2 37 99 82 52 84 73 74 12 20 50 67 58 71 47 4 97 74 40 11 26 2 5 75 2 60 64 92 14 23 34 60 63 42 89 34 53 95 22 37 77 -9999 -9999 -9999 -9999 -9999 -9999 -9999 -9999 -9999 -9999 -9999 -9999 -9999 -9999 -9999 -9999 -9999 -9999 -9999 -9999 -9999 -9999 -9999 -9999
91 66 35 26 37 53 23 33 55 0 7 88 72 94 81 32 42 19 28 27 95 79 95 96 7 98 16 34 6 95 50 9 6 55 61 33 75 65 23 29 33 44 63 66 81 47 27 84 65 52 83 94 63 27 53 65 11 85 80 -9999 -9999 -9999 -9999 -9999 -9999 -9999 -9999 -9999 -9999 -9999 -9999 -9999 -9999 -9999 -9999 -9999 -9999 -9999 -9999 -9999 -9999 -9999 -9999
77 33 95 29 24 63 89 79 7 66 92 87 87 20 34 92 63 35 52 89 82 44 9 90 6 3 62 11 34 97 88 48 81 48 64 71 12 37 7 19 34 27 66 1 43 91 76 4 29 50 63 11 36 18 6 17 74 47 58 -9999 -9999 -9999 -9999 -9999 -9999 -9999 -9999 -9999 -9999 -9999 -9999 -9999 -9999 -9999 -9999 -9999 -9999 -9999 -9999 -9999 -9999 -9999 -9999
23 26 90 44 60 32 41 12 70 29 28 29 43 66 51 6 66 4 75 72 75 78 94 23 84 95 73 8 99 55 84 48 11 15 10 83 71 71 36 53 44 85 22 5 50 32 54 41 80 84 80 84 96 22 25 89 13 85 88 -9999 -9999 -9999 -9999 -9999 -9999 -9999 -9999 -9999 -9999 -9999 -9999 -9999 -9999 -9999 -9999 -9999 -9999 -9999 -9999 -9999 -9999 -9999 -9999
42 88 80 86 43 65 10 5 24 29 92 71 64 17 56 1 65 97 78 62 98 96 7 46 63 67 98 96 47 28 52 90 93 46 62 86 73 83 66 16 69 95 4 41 61 93 83 62 17 48 47 84 94 71 57 40 41 29 72 -9999 -9999 -9999 -9999 -9999 -9999 -9999 -9999 -9999 -9999 -9999 -9999 -9999 -9999 -9999 -9999 -9999 -9999 -9999 -9999 -9999 -9999 -9999 -9999
63 43 41 47 64 30 28 60 6 82 33 74 50 92 19 27 23 37 40 11 62 74 68 45 96 17 65 8 46 99 77 71 71 6 69 99 33 7 81 40 2 51 22 94 86 53 93 61 95 60 42 74 39 97 49 11 51 95 42 -9999 -9999 -9999 -9999 -9999 -9999 -9999 -9999 -9999 -9999 -9999 -9999 -9999 -9999 -9999 -9999 -9999 -9999 -9999 -9999 -9999 -9999 -9999 -9999
16 71 12 63 2 3 81 78 23 21 20 2 95 1 39 60 47 62 60 4 51 56 91 23 0 54 61 59 50 40 16 32 12 18 61 70 3 17 67 48 53 7 29 28 68 19 84 6 48 73 82 75 66 11 15 76 96 35 3 -9999 -9999 -9999 -9999 -9999 -9999 -9999 -9999 -9999 -9999 -9999 -9999 -9999 -9999 -9999 -9999 -9999 -9999 -9999 -9999 -9999 -9999 -9999 -9999
6 61 62 83 13 97 75 22 66 74 1 90 14 87 4 45 89 20 97 28 38 61 39 16 28 53 6 14 38 71 51 76 30 37 38 51 5 54 63 72 31 89 53 66 66 69 46 99 49 23 54 55 78 44 8 43 75 92 80 -9999 -9999 -9999 -9999 -9999 -9999 -9999 -9999 -9999 -9999 -9999 -9999 -9999 -9999 -9999 -9999 -9999 -9999 -9999 -9999 -9999 -9999 -9999 -9999
53 93 39 41 53 55 8 37 68 69 33 17 27 23 55 6 16 28 2 12 11 3 51 16 26 18 10 17 70 88 91 29 98 33 99 39 80 78 27 24 70 31 53 14 86 94 44 23 91 52 70 28 81 1 21 7 85 41 31 -9999 -9999 -9999 -9999 -9999 -9999 -9999 -9999 -9999 -9999 -9999 -9999 -9999 -9999 -9999 -9999 -9999 -9999 -9999 -9999 -9999 -9999 -9999 -9999
48 63 32 47 89 73 45 1 19 14 62 23 20 86 23 79 97 11 49 59 74 62 80 20 27 64 44 7 43 87 63 59 11 10 79 87 48 72 23 44 50 5 7 71 80 45 54 25 87 23 51 85 48 44 41 48 54 42 41 -9999 -9999 -9999 -9999 -9999 -9999 -9999 -9999 -9999 -9999 -9999 -9999 -9999 -9999 -9999 -9999 -9999 -9999 -9999 -9999 -9999 -9999 -9999 -9999
45 62 84 16 6 86 31 79 5 75 23 94 93 32 21 80 17 11 68 20 8 39 87 62 30 52 26 26 86 25 70 21 73 19 2 61 4 27 20 98 73 33 16 54 94 69 8 56 75 89 23 89 67 35 50 43 59 24 32 -9999 -9999 -9999 -9999 -9999 -9999 -9999 -9999 -9999 -9999 -9999 -9999 -9999 -9999 -9999 -9999 -9999 -9999 -9999 -9999 -9999 -9999 -9999 -9999
40 78 97 13 18 57 4 51 65 79 96 58 58 96 75 29 50 70 64 28 29 94 80 94 55 47 84 91 79 69 18 71 41 82 19 88 54 33 19 29 62 68 16 80 88 42 39 29 57 60 89 90 1 40 55 67 46 22 22 -9999 -9999 -9999 -9999 -9999 -9999 -9999 -9999 -9999 -9999 -9999 -9999 -9999 -9999 -9999 -9999 -9999 -9999 -9999 -9999 -9999 -9999 -9999 -9999
12 40 20 2 47 20 32 99 89 9 44 31 2 52 44 30 75 33 58 46 2 73 7 2 65 91 75 5 31 12 77 9 48 41 36 40 51 87 67 76 75 43 71 77 71 28 21 82 31 75 74 51 18 90 75 74 1 52 70 -9999 -9999 -9999 -9999 -9999 -9999 -9999 -9999 -9999 -9999 -9999 -9999 -9999 -9999 -9999 -9999 -9999 -9999 -9999 -9999 -9999 -9999 -9999 -9999
97 84 20 16 15 70 54 38 30 87 32 6 11 10 90 58 7 13 11 34 36 72 15 41 28 45 84 9 83 42 13 18 68 69 0 11 43 58 60 88 18 74 74 81 43 6 70 7 28 40 29 12 94 12 36 83 55 39 42 -9999 -9999 -9999 -9999 -9999 -9999 -9999 -9999 -9999 -9999 -9999 -9999 -9999 -9999 -9999 -9999 -9999 -9999 -9999 -9999 -9999 -9999 -9999 -9999
36 97 82 73 83 11 97 16 41 47 51 99 95 46 18 11 75 69 79 81 70 14 86 16 89 29 76 58 79 49 41 32 2 23 60 11 67 56 85 83 17 52 77 25 74 72 10 85 39 87 18 63 51 44 11 13 96 38 38 -9999 -9999 -9999 -9999 -9999 -9999 -9999 -9999 -9999 -9999 -9999 -9999 -9999 -9999 -9999 -9999 -9999 -9999 -9999 -9999 -9999 -9999 -9999 -9999
9 22 34 51 28 21 92 58 18 55 93 87 99 37 41 90 43 33 91 70 17 39 50 92 87 80 51 32 26 53 23 51 83 87 31 1 47 47 1 67 86 59 27 36 68 74 55 98 66 57 58 79 40 14 79 4 4 41 67 -9999 -9999 -9999 -9999 -9999 -9999 -9999 -9999 -9999 -9999 -9999 -9999 -9999 -9999 -9999 -9999 -9999 -9999 -9999 -9999 -9999 -9999 -9999 -9999
14 93 68 33 1 65 17 35 40 55 77 59 68 42 59 2 31 59 53 93 54 61 27 58 16 45 36 52 39 33 28 35 70 0 66 14 82 72 49 34 76 69 47 32 88 11 30 41 2 77 19 57 75 22 30 53 61 49 28 -9999 -9999 -9999 -9999 -9999 -9999 -9999 -9999 -9999 -9999 -9999 -9999 -9999 -9999 -9999 -9999 -9999 -9999 -9999 -9999 -9999 -9999 -9999 -9999
60 94 87 78 91 96 66 52 43 19 93 41 18 51 30 4 11 61 98 56 67 28 68 18 68 51 88 48 46 49 42 45 36 30 35 42 51 48 20 79 96 42 44 53 8 56 31 54 32 34 96 80 19 5 95 35 72 43 94 -9999 -9999 -9999 -9999 -9999 -9999 -9999 -9999 -9999 -9999 -9999 -9999 -9999 -9999 -9999 -9999 -9999 -9999 -9999 -9999 -9999 -9999 -9999 -9999
90 60 41 80 92 21 79 82 39 13 7 48 86 44 9 11 43 49 31 38 51 47 54 56 6 1 30 95 51 85 66 34 9 59 68 51 86 51 47 82 26 39 69 90 14 50 73 28 48 53 38 24 62 67 10 59 99 73 82 -9999 -9999 -9999 -9999 -9999 -9999 -9999 -9999 -9999 -9999 -9999 -9999 -9999 -9999 -9999 -9999 -9999 -9999 -9999 -9999 -9999 -9999 -9999 -9999
58 0 13 24 35 53 36 67 66 71 5 1 68 17 73 78 51 45 99 53 77 77 34 48 1 14 76 54 2 75 12 61 85 62 39 15 66 65 66 12 48 97 3 22 64 51 17 42 10 2 89 82 59 31 35 86 52 79 20 -9999 -9999 -9999 -9999 -9999 -9999 -9999 -9999 -9999 -9999 -9999 -9999 -9999 -9999 -9999 -9999 -9999 -9999 -9999 -9999 -9999 -9999 -9999 -9999
90 15 17 45 80 29 9 59 17 47 87 30 42 71 41 78 75 49 42 17 29 59 40 88 30 46 56 55 36 16 84 46 68 89 0 62 53 3 78 36 58 79 10 47 45 38 30 93 22 79 55 24 11 11 15 19 8 40 7 -9999 -9999 -9999 -9999 -9999 -9999 -9999 -9999 -9999 -9999 -9999 -9999 -9999 -9999 -9999 -9999 -9999 -9999 -9999 -9999 -9999 -9999 -9999 -9999
4 20 2 6 81 42 36 19 89 88 43 49 54 46 40 4 62 47 27 70 19 75 41 80 39 58 32 77 65 39 76 45 20 27 16 30 89 34 35 42 32 90 62 34 32 38 5 62 70 14 22 33 31 5 14 28 44 89 59 -9999 -9999 -9999 -9999 -9999 -9999 -9999 -9999 -9999 -9999 -9999 -9999 -9999 -9999 -9999 -9999 -9999 -9999 -9999 -9999 -9999 -9999 -9999 -9999
37 84 91 26 42 93 50 49 80 76 72 52 3 88 26 38 53 37 91 18 51 21 4 85 40 89 56 96 87 95 44 59 38 62 84 21 34 54 73 74 76 56 15 55 56 52 98 59 33 17 30 58 76 17 28 24 55 3 71 -9999 -9999 -9999 -9999 -9999 -9999 -9999 -9999 -9999 -9999 -9999 -9999 -9999 -9999 -9999 -9999 -9999 -9999 -9999 -9999 -9999 -9999 -9999 -9999
61 66 87 79 77 16 71 15 63 88 63 16 19 46 63 79 2 60 50 5 70 30 89 62 95 49 19 94 77 93 21 45 19 48 67 30 99 60 53 29 10 23 8 8 95 97 92 85 52 55 66 10 25 61 53 92 76 84 72 -9999 -9999 -9999 -9999 -9999 -9999 -9999 -9999 -9999 -9999 -9999 -9999 -9999 -9999 -9999 -9999 -9999 -9999 -9999 -9999 -9999 -9999 -9999 -9999
64 59 39 84 20 6 40 8 13 20 78 70 43 60 89 4 28 73 39 28 7 50 57 94 48 21 69 93 61 23 42 24 24 8 35 5 3 22 48 57 92 32 91 29 48 10 48 90 40 73 51 72 99 84 60 73 78 3 51 -9999 -9999 -9999 -9999 -9999 -9999 -9999 -9999 -9999 -9999 -9999 -9999 -9999 -9999 -9999 -9999 -9999 -9999 -9999 -9999 -9999 -9999 -9999 -9999
77 96 71 79 77 10 34 6 88 15 45 42 99 23 75 58 46 11 9 48 28 59 94 87 42 69 26 57 61 64 61 69 39 69 60 59 43 77 67 61 23 84 15 72 8 24 66 89 38 67 81 32 24 10 20 47 37 48 77 -9999 -9999 -9999 -9999 -9999 -9999 -9999 -9999 -9999 -9999 -9999 -9999 -9999 -9999 -9999 -9999 -9999 -9999 -9999 -9999 -9999 -9999 -9999 -9999
73 21 79 57 11 23 91 41 22 7 52 0 6 53 94 1 86 96 89 62 67 21 13 21 41 50 58 3 56 45 0 97 36 11 23 42 64 8 6 14 13 69 54 25 38 24 0 21 25 30 50 95 93 7 91 97 54 83 57 -9999 -9999 -9999 -9999 -9999 -9999 -9999 -9999 -9999 -9999 -9999 -9999 -9999 -9999 -9999 -9999 -9999 -9999 -9999 -9999 -9999 -9999 -9999 -9999
23 39 91 65 83 91 5 72 35 78 61 98 56 85 65 33 55 55 50 84 42 20 68 1 79 64 52 29 10 19 63 98 73 92 17 33 94 21 98 11 62 66 42 33 86 27 16 38 28 95 65 46 29 39 48 28 1 15 57 -9999 -9999 -9999 -9999 -9999 -9999 -9999 -9999 -9999 -9999 -9999 -9999 -9999 -9999 -9999 -9999 -9999 -9999 -9999 -9999 -9999 -9999 -9999 -9999
