Lider.Native/Components/RS29/GIS/Samples/VCL/Delphi/PixelEdit/test.grd
NCOLS        360
NROWS        180
XLLCORNER    -180
YLLCORNER    -90
CELLSIZE     1
NODATA_VALUE -9999
[rows 37 to 73 of 180, columns 166 to 248 of 360]
-9999 -9999 -9999 -9999 -9999 -9999 -9999 -9999 -9999 -9999 -9999 -9999 -9999 -9999 -9999 -9999 -9999 -9999 -9999 -9999 -9999 -9999 -9999 -9999 -9999 -9999 -9999 -9999 -9999 -9999 -9999 -9999 -9999 -9999 -9999 -9999 -9999 -9999 -9999 -9999 -9999 -9999 -9999 -9999 -9999 -9999 -9999 -9999 -9999 -9999 -9999 -9999 -9999 -9999 -9999 -9999 -9999 -9999 -9999 -9999 -9999 -9999 -9999 -9999 -9999 -9999 -9999 -9999 -9999 -9999 -9999 -9999 -9999 -9999 -9999 -9999 -9999 -9999 -9999 -9999 -9999 -9999 -9999
-9999 -9999 -9999 -9999 -9999 -9999 -9999 -9999 -9999 -9999 -9999 -9999 -9999 -9999 -9999 -9999 -9999 -9999 -9999 -9999 -9999 -9999 -9999 -9999 -9999 -9999 -9999 -9999 -9999 -9999 -9999 -9999 -9999 -9999 -9999 -9999 -9999 -9999 -9999 -9999 -9999 -9999 -9999 -9999 -9999 -9999 -9999 -9999 -9999 -9999 -9999 -9999 -9999 -9999 -9999 -9999 -9999 -9999 -9999 -9999 -9999 -9999 -9999 -9999 -9999 -9999 -9999 -9999 -9999 -9999 -9999 -9999 -9999 -9999 -9999 -9999 -9999 -9999 -9999 -9999 -9999 -9999 -9999
-9999 -9999 -9999 -9999 -9999 -9999 -9999 -9999 -9999 -9999 -9999 -9999 -9999 -9999 -9999 -9999 -9999 -9999 -9999 -9999 -9999 -9999 -9999 -9999 -9999 -9999 -9999 -9999 -9999 -9999 -9999 -9999 -9999 -9999 -9999 -9999 -9999 -9999 -9999 -9999 -9999 -9999 -9999 -9999 -9999 -9999 -9999 -9999 -9999 -9999 -9999 -9999 -9999 -9999 -9999 -9999 -9999 -9999 -9999 -9999 -9999 -9999 -9999 -9999 -9999 -9999 -9999 -9999 -9999 -9999 -9999 -9999 -9999 -9999 -9999 -9999 -9999 -9999 -9999 -9999 -9999 -9999 -9999
-9999 -9999 -9999 -9999 -9999 -9999 -9999 -9999 -9999 -9999 -9999 -9999 -9999 -9999 -9999 -9999 -9999 -9999 -9999 -9999 -9999 -9999 -9999 -9999 -9999 -9999 -9999 -9999 -9999 -9999 -9999 -9999 -9999 -9999 -9999 -9999 -9999 -9999 -9999 -9999 -9999 -9999 -9999 -9999 -9999 -9999 -9999 -9999 -9999 -9999 -9999 -9999 -9999 -9999 -9999 -9999 -9999 -9999 -9999 -9999 -9999 -9999 -9999 -9999 -9999 -9999 -9999 -9999 -9999 -9999 -9999 -9999 -9999 -9999 -9999 -9999 -9999 -9999 -9999 -9999 -9999 -9999 -9999
-9999 -9999 -9999 -9999 -9999 -9999 -9999 -9999 -9999 -9999 -9999 -9999 -9999 -9999 -9999 -9999 -9999 -9999 -9999 -9999 -9999 -9999 -9999 -9999 -9999 -9999 -9999 -9999 -9999 -9999 -9999 -9999 -9999 -9999 -9999 -9999 -9999 -9999 -9999 -9999 -9999 -9999 -9999 -9999 -9999 -9999 -9999 -9999 -9999 -9999 -9999 -9999 -9999 -9999 -9999 -9999 -9999 -9999 -9999 -9999 -9999 -9999 -9999 -9999 -9999 -9999 -9999 -9999 -9999 -9999 -9999 -9999 -9999 -9999 -9999 -9999 -9999 -9999 -9999 -9999 -9999 -9999 -9999
-9999 -9999 -9999 -9999 -9999 -9999 -9999 -9999 -9999 -9999 -9999 -9999 -9999 -9999 -9999 -9999 -9999 -9999 -9999 -9999 -9999 -9999 -9999 -9999 -9999 -9999 -9999 -9999 -9999 -9999 -9999 -9999 -9999 -9999 -9999 -9999 -9999 -9999 -9999 -9999 -9999 -9999 -9999 -9999 -9999 -9999 -9999 -9999 -9999 -9999 -9999 -9999 -9999 -9999 -9999 -9999 -9999 -9999 -9999 -9999 -9999 -9999 -9999 -9999 -9999 -9999 -9999 -9999 -9999 -9999 -9999 -9999 -9999 -9999 -9999 -9999 -9999 -9999 -9999 -9999 -9999 -9999 -9999
-9999 -9999 -9999 -9999 -9999 -9999 -9999 -9999 -9999 -9999 -9999 -9999 -9999 -9999 -9999 -9999 -9999 -9999 -9999 -9999 -9999 -9999 -9999 -9999 -9999 -9999 -9999 -9999 -9999 -9999 -9999 -9999 -9999 -9999 -9999 -9999 -9999 -9999 -9999 -9999 -9999 -9999 -9999 -9999 -9999 -9999 -9999 -9999 -9999 -9999 -9999 -9999 -9999 -9999 -9999 -9999 -9999 -9999 -9999 -9999 -9999 -9999 -9999 -9999 -9999 -9999 -9999 -9999 -9999 -9999 -9999 -9999 -9999 -9999 -9999 -9999 -9999 -9999 -9999 -9999 -9999 -9999 -9999
-9999 -9999 -9999 -9999 -9999 -9999 -9999 -9999 -9999 -9999 -9999 -9999 -9999 -9999 -9999 -9999 -9999 -9999 -9999 -9999 -9999 -9999 -9999 -9999 -9999 -9999 -9999 -9999 -9999 -9999 -9999 -9999 -9999 -9999 -9999 -9999 -9999 -9999 -9999 -9999 -9999 -9999 -9999 -9999 -9999 -9999 -9999 -9999 -9999 -9999 -9999 -9999 -9999 -9999 -9999 -9999 -9999 -9999 -9999 -9999 -9999 -9999 -9999 -9999 -9999 -9999 -9999 -9999 -9999 -9999 -9999 -9999 -9999 -9999 -9999 -9999 -9999 -9999 -9999 -9999 -9999 -9999 -9999
55 12 96 94 30 43 54 28 77 69 98 38 82 30 38 44 82 46 30 9 68 43 82 52 49 2 21 69 64 6 10 59 57 98 21 62 5 36 71 91 3 68 8 86 3 3 58 60 18 89 20 61 66 4 27 33 89 46 61 -9999 -9999 -9999 -9999 -9999 -9999 -9999 -9999 -9999 -9999 -9999 -9999 -9999 -9999 -9999 -9999 -9999 -9999 -9999 -9999 -9999 -9999 -9999 -9999
58 25 40 34 29 81 26 2 53 74 75 20 86 70 40 98 49 60 15 7 46 45 69 60 65 49 59 7 60 64 28 79 11 28 84 50 71 30 56 37 86 49 38 29 5 28 10 48 67 71 38 42 66 77 62 7 5 4 59 -9999 -9999 -9999 -9999 -9999 -9999 -9999 -9999 -9999 -9999 -9999 -9999 -9999 -9999 -9999 -9999 -9999 -9999 -9999 -9999 -9999 -9999 -9999 -9999
84 98 91 71 12 83 52 20 21 0 29 94 35 28 37 57 39 59 19 75 71 14 20 81 17 9 63 98 22 86 30 19 96 88 57 40 37 1 23 51 50 48 59 87 81 41 50 27 52 83 57 57 5 37 30 85 47 41 39 -9999 -9999 -9999 -9999 -9999 -9999 -9999 -9999 -9999 -9999 -9999 -9999 -9999 -9999 -9999 -9999 -9999 -9999 -9999 -9999 -9999 -9999 -9999 -9999
53 79 92 40 49 34 78 76 75 10 57 43 16 66 12 56 8 37 29 40 6 0 53 67 71 28 76 66 4 7 48 15 0 54 32 19 35 4 80 63 91 81 43 53 4 51 14 28 47 60 3 68 44 44 39 70 16 28 7 -9999 -9999 -9999 -9999 -9999 -9999 -9999 -9999 -9999 -9999 -9999 -9999 -9999 -9999 -9999 -9999 -9999 -9999 -9999 -9999 -9999 -9999 -9999 -9999
62 49 52 59 79 23 70 56 94 75 27 97 21 11 84 11 11 62 5 29 76 9 30 33 59 20 6 23 69 85 65 84 67 64 76 56 14 41 31 19 67 79 8 78 39 87 75 54 12 90 58 85 5 6 66 32 99 31 66 -9999 -9999 -9999 -9999 -9999 -9999 -9999 -9999 -9999 -9999 -9999 -9999 -9999 -9999 -9999 -9999 -9999 -9999 -9999 -9999 -9999 -9999 -9999 -9999
99 60 44 51 39 11 3 1 69 57 54 81 79 48 50 60 58 12 67 59 89 87 70 29 31 89 51 56 72 14 61 3 76 63 9 77 99 3 53 35 97 63 68 10 5 54 96 80 7 22 78 63 81 37 63 38 24 11 4 -9999 -9999 -9999 -9999 -9999 -9999 -9999 -9999 -9999 -9999 -9999 -9999 -9999 -9999 -9999 -9999 -9999 -9999 -9999 -9999 -9999 -9999 -9999 -9999
41 19 7 56 79 3 3 62 24 16 1 75 30 92 9 37 76 25 89 32 49 51 66 71 33 81 49 29 8 94 52 41 46 82 26 50 26 57 94 13 44 6 98 70 36 13 41 57 5 27 49 85 55 94 28 70 28 39 35 -9999 -9999 -9999 -9999 -9999 -9999 -9999 -9999 -9999 -9999 -9999 -9999 -9999 -9999 -9999 -9999 -9999 -9999 -9999 -9999 -9999 -9999 -9999 -9999
28 71 0 67 14 61 1 68 94 93 3 32 63 36 72 42 95 78 98 13 60 13 47 96 72 23 54 68 69 30 42 8 25 34 73 44 89 30 28 94 59 12 29 74 90 50 74 2 24 54 21 70 63 17 91 6 61 41 9 -9999 -9999 -9999 -9999 -9999 -9999 -9999 -9999 -9999 -9999 -9999 -9999 -9999 -9999 -9999 -9999 -9999 -9999 -9999 -9999 -9999 -9999 -9999 -9999
33 70 1 78 36 43 89 85 21 53 40 64 77 75 19 58 66 1 76 85 14 99 36 78 49 94 45 38 99 47 69 95 48 38 50 72 40 64 21 53 54 32 74 62 18 72 85 50 92 40 98 77 4 42 62 15 38 56 24 -9999 -9999 -9999 -9999 -9999 -9999 -9999 -9999 -9999 -9999 -9999 -9999 -9999 -9999 -9999 -9999 -9999 -9999 -9999 -9999 -9999 -9999 -9999 -9999
23 29 2 68 94 48 47 10 77 78 39 7 70 33 35 69 58 48 33 17 42 18 17 16 43 67 71 28 89 50 87 13 86 89 48 46 65 30 95 74 14 43 71 1 90 50 49 4 15 75 44 85 47 43 0 47 39 91 65 -9999 -9999 -9999 -9999 -9999 -9999 -9999 -9999 -9999 -9999 -9999 -9999 -9999 -9999 -9999 -9999 -9999 -9999 -9999 -9999 -9999 -9999 -9999 -9999
65 64 14 99 77 64 99 8 1 63 16 88 26 90 48 17 23 59 22 9 64 63 5 66 55 29 17 80 72 20 42 93 5 1 51 13 3 55 29 84 35 65 8 22 47 37 6 92 31 97 73 54 0 29 46 56 68 77 3 -9999 -9999 -9999 -9999 -9999 -9999 -9999 -9999 -9999 -9999 -9999 -9999 -9999 -9999 -9999 -9999 -9999 -9999 -9999 -9999 -9999 -9999 -9999 -9999
36 55 82 16 69 58 56 51 80 2 53 69 59 20 91 78 46 86 44 85 56 80 57 36 28 44 84 31 4 16 65 28 47 46 28 21 88 90 23 2 96 92 96 6 90 39 78 38 79 5 23 74 27 69 62 51 58 22 99 -9999 -9999 -9999 -9999 -9999 -9999 -9999 -9999 -9999 -9999 -9999 -9999 -9999 -9999 -9999 -9999 -9999 -9999 -9999 -9999 -9999 -9999 -9999 -9999
7 34 64 0 30 13 79 68 46 55 66 38 95 14 66 67 58 62 91 46 58 46 79 84 17 50 4 99 69 68 44 22 28 83 98 98 17 46 72 99 46 71 6 42 52 25 73 13 95 35 21 97 3 94 80 15 86 77 18 -9999 -9999 -9999 -9999 -9999 -9999 -9999 -9999 -9999 -9999 -9999 -9999 -9999 -9999 -9999 -9999 -9999 -9999 -9999 -9999 -9999 -9999 -9999 -9999
4 98 51 11 46 72 55 3 16 55 18 16 63 21 22 42 51 81 16 88 59 75 86 9 69 93 1 72 26 30 48 52 89 75 43 56 57 23 23 85 78 28 25 18 42 80 36 35 50 14 36 67 65 56 13 81 54 93 63 -9999 -9999 -9999 -9999 -9999 -9999 -9999 -9999 -9999 -9999 -9999 -9999 -9999 -9999 -9999 -9999 -9999 -9999 -9999 -9999 -9999 -9999 -9999 -9999
68 25 76 1 63 65 83 69 52 39 35 19 48 7 43 10 62 92 85 61 15 38 50 10 63 28 83 42 24 56 44 56 7 51 71 4 56 72 41 73 94 40 51 34 77 38 95 38 49 67 50 78 11 55 72 98 86 23 90 -9999 -9999 -9999 -9999 -9999 -9999 -9999 -9999 -9999 -9999 -9999 -9999 -9999 -9999 -9999 -9999 -9999 -9999 -9999 -9999 -9999 -9999 -9999 -9999
11 48 30 5 98 72 31 61 38 42 80 25 96 98 41 3 84 96 68 5 30 6 20 61 86 97 3 20 63 94 52 24 97 24 35 70 49 44 89 50 34 40 98 74 78 21 86 68 18 83 57 64 17 62 53 62 22 63 52 -9999 -9999 -9999 -9999 -9999 -9999 -9999 -9999 -9999 -9999 -9999 -9999 -9999 -9999 -9999 -9999 -9999 -9999 -9999 -9999 -9999 -9999 -9999 -9999
40 24 26 60 70 24 59 27 73 92 64 68 93 14 95 82 84 85 35 23 71 4 73 79 77 84 25 57 98 63 20 68 43 19 34 30 21 95 85 62 88 33 86 99 56 4 50 3 46 57 53 85 9 64 56 34 99 76 76 -9999 -9999 -9999 -9999 -9999 -9999 -9999 -9999 -9999 -9999 -9999 -9999 -9999 -9999 -9999 -9999 -9999 -9999 -9999 -9999 -9999 -9999 -9999 -9999
78 18 17 12 61 50 67 22 74 20 68 33 31 67 45 2 93 30 2 24 95 35 62 19 59 30 0 52 93 38 49 79 57 44 92 26 25 20 32 1 23 74 48 34 44 32 26 54 48 53 75 89 46 72 25 5 60 80 5 -9999 -9999 -9999 -9999 -9999 -9999 -9999 -9999 -9999 -9999 -9999 -9999 -9999 -9999 -9999 -9999 -9999 -9999 -9999 -9999 -9999 -9999 -9999 -9999
14 15 87 72 64 24 96 83 33 89 23 58 57 78 58 3 29 21 0 8 52 90 88 74 0 26 41 97 91 31 4 10 52 11 2 82 8 75 96 70 65 96 48 30 0 19 94 79 65 35 18 26 89 1 37 43 90 28 91 -9999 -9999 -9999 -9999 -9999 -9999 -9999 -9999 -9999 -9999 -9999 -9999 -9999 -9999 -9999 -9999 -9999 -9999 -9999 -9999 -9999 -9999 -9999 -9999
59 70 2 60 84 74 71 88 19 37 61 35 67 22 98 93 66 18 1 70 61 16 50 36 19 75 82 48 60 54 25 55 33 41 51 85 15 50 77 14 43 11 82 18 79 30 62 99 5 38 19 3 50 20 75 10 46 24 22 -9999 -9999 -9999 -9999 -9999 -9999 -9999 -9999 -9999 -9999 -9999 -9999 -9999 -9999 -9999 -9999 -9999 -9999 -9999 -9999 -9999 -9999 -9999 -9999
17 99 85 29 38 31 98 45 0 5 79 27 14 64 21 6 41 18 65 32 78 31 34 97 87 16 25 52 0 38 53 43 60 22 60 44 37 68 71 3 81 73 12 86 52 56 82 39 87 92 81 44 34 53 96 88 46 52 41 -9999 -9999 -9999 -9999 -9999 -9999 -9999 -9999 -9999 -9999 -9999 -9999 -9999 -9999 -9999 -9999 -9999 -9999 -9999 -9999 -9999 -9999 -9999 -9999
64 71 87 59 53 83 32 23 24 88 69 39 17 91 81 42 30 75 88 28 33 47 31 40 51 20 20 92 41 24 74 17 44 45 41 51 17 1 97 47 53 45 26 21 72 1 82 26 2 32 36 62 38 37 97 12 84 82 19 -9999 -9999 -9999 -9999 -9999 -9999 -9999 -9999 -9999 -9999 -9999 -9999 -9999 -9999 -9999 -9999 -9999 -9999 -9999 -9999 -9999 -9999 -9999 -9999
28 71 51 85 23 79 91 0 71 10 31 96 89 83 34 57 22 83 4 50 89 8 52 65 32 58 84 20 80 98 80 16 7 60 94 50 8 14 47 84 75 87 37 74 78 46 47 46 58 29 63 38 22 38 3 93 43 87 40 -9999 -9999 -9999 -9999 -9999 -9999 -9999 -9999 -9999 -9999 -9999 -9999 -9999 -9999 -9999 -9999 -9999 -9999 -9999 -9999 -9999 -9999 -9999 -9999
68 6 11 32 98 25 22 12 96 71 94 23 37 7 39 32 86 41 13 19 30 33 79 98 40 82 15 22 61 94 44 67 38 33 98 95 67 51 12 5 83 1 53 55 77 30 76 78 43 54 13 66 58 15 92 46 93 16 90 -9999 -9999 -9999 -9999 -9999 -9999 -9999 -9999 -9999 -9999 -9999 -9999 -9999 -9999 -9999 -9999 -9999 -9999 -9999 -9999 -9999 -9999 -9999 -9999
10 40 56 48 98 36 95 67 64 6 72 21 96 1 92 71 27 33 45 75 83 2 58 0 85 35 3 35 12 26 59 9 15 91 32 25 88 16 30 87 0 23 94 41 79 36 89 23 52 57 44 10 44 43 57 79 28 96 48 -9999 -9999 -9999 -9999 -9999 -9999 -9999 -9999 -9999 -9999 -9999 -9999 -9999 -9999 -9999 -9999 -9999 -9999 -9999 -9999 -9999 -9999 -9999 -9999
87 9 81 50 46 63 1 74 75 53 8 39 39 30 21 95 35 98 2 42 28 67 4 72 70 34 6 43 1 95 31 83 29 96 40 24 91 3 13 72 0 13 3 3 67 94 83 96 7 51 61 88 28 30 90 71 97 51 45 -9999 -9999 -9999 -9999 -9999 -9999 -9999 -9999 -9999 -9999 -9999 -9999 -9999 -9999 -9999 -9999 -9999 -9999 -9999 -9999 -9999 -9999 -9999 -9999
56 5 45 71 72 55 61 50 5 11 35 76 1 2 79 34 95 3 37 44 95 92 47 66 78 70 14 69 87 21 85 54 36 45 36 30 23 36 57 49 48 22 52 3 34 55 39 62 60 69 59 88 97 80 88 85 52 54 64 -9999 -9999 -9999 -9999 -9999 -9999 -9999 -9999 -9999 -9999 -9999 -9999 -9999 -9999 -9999 -9999 -9999 -9999 -9999 -9999 -9999 -9999 -9999 -9999
21 96 44 1 93 19 69 12 69 46 83 89 81 71 2 53 58 34 52 88 57 8 94 98 30 61 71 34 17 7 4 7 72 31 1 80 23 99 8 47 59 47 89 84 50 56 38 92 0 2 17 9 28 90 32 16 80 73 37 -9999 -9999 -9999 -9999 -9999 -9999 -9999 -9999 -9999 -9999 -9999 -9999 -9999 -9999 -9999 -9999 -9999 -9999 -9999 -9999 -9999 -9999 -9999 -9999
61 0 47 55 30 81 71 87 26 85 46 84 8 71 24 74 3 64 87 52 67 81 59 28 2 54 83 81 36 67 46 22 55 91 66 64 84 34 32 89 40 94 2 36 28 12 57 84 98 42 11 43 59 18 77 58 49 35 89 -9999 -9999 -9999 -9999 -9999 -9999 -9999 -9999 -9999 -9999 -9999 -9999 -9999 -9999 -9999 -9999 -9999 -9999 -9999 -9999 -9999 -9999 -9999 -9999
